91 34 79 3 43 23 
16 52 84 63 39 4 88 
7 96 67 35 84 80 15 12 
29 29 92 4 88 
41 32 37 21 35 80 96 10 48 0 
63 40 50 51 63 9 99 30 96 
62 11 48 45 92 77 
96 18 92 90 50 82 63 37 
59 47 63 60 45 78 0 95 82 
56 81 97 52 17 60 15 65 
36 57 46 33 82 9 97 
50 54 29 42 53 91 54 
29 98 47 39 42 
23 91 80 39 70 
42 66 37 78 23 84 63 58 
12 12 96 18 42 38 
33 44 89 14 42 88 54 84 86 77 
66 69 98 53 63 
91 93 39 27 56 49 72 
62 20 86 4 10 9 89 54 50 
26 3 63 3 86 
34 64 9 39 57 32 
67 54 94 32 19 93 
28 69 75 18 45 52 64 18 65 
23 91 5 86 94 91 50 28 8 
19 65 44 61 84 50 7 16 21 0 
49 22 36 20 67 40 36 85 5 38 
49 43 47 43 87 49 24 95 60 
12 56 56 97 6 16 65 27 
26 29 90 15 1 57 55 
95 13 76 55 62 19 54 57 6 3 
53 16 77 66 72 85 63 31 
80 10 70 7 91 60 
92 70 81 30 65 
58 72 56 77 27 66 36 30 47 
98 76 7 71 14 22 54 67 3 64 
62 56 50 36 0 20 
82 37 64 40 9 72 
36 38 6 19 38 47 17 
55 40 80 29 46 48 32 11 37 
19 87 34 71 59 
54 48 20 94 58 
64 46 83 70 17 21 70 35 87 
27 20 6 74 68 91 37 57 37 8 
24 79 56 28 85 57 0 80 
92 44 13 27 67 31 0 89 66 40 
45 60 24 71 80 
8 37 57 68 34 81 48 43 61 33 
61 65 15 5 62 
43 76 66 47 74 
29 24 3 72 98 70 53 52 
